1 0.2828125 0.53125 0.13828125 0.26171875
6 0.8875 0.6125 0.13671875 0.22890625
10 0.86484375 0.30234375 0.01796875 0.30234375
6 0.53828125 0.55625 0.0390625 0.1203125
3 0.51015625 0.42578125 0.04921875 0.10546875
4 0.4015625 0.45234375 0.04375 0.06484375
4 0.8328125 0.45078125 0.04453125 0.06328125
10 0.41328125 0.2328125 0.0234375 0.0703125
10 0.3046875 0.20859375 0.03125 0.39296875
9 0.875 0.52578125 0.08828125 0.23203125
11 0.60546875 0.82265625 0.7765625 0.35390625
11 0.48828125 0.5609375 0.24140625 0.16875