9 0.46015625 0.59375 0.3078125 0.790625
12 0.44765625 0.371875 0.08046875 0.1640625
10 0.015625 0.31015625 0.0265625 0.51328125
9 0.634375 0.71875 0.09453125 0.503125
5 0.61875 0.5203125 0.04140625 0.06484375
9 0.77265625 0.675 0.05625 0.28203125
9 0.90078125 0.58515625 0.05546875 0.121875
10 0.846875 0.3609375 0.05390625 0.415625
10 0.25234375 0.421875 0.01796875 0.27109375
10 0.2734375 0.38828125 0.0171875 0.26484375
11 0.1515625 0.8109375 0.29296875 0.375
1 0.1546875 0.55234375 0.09375 0.15546875