13 0.14296875 0.80078125 0.2828125 0.39296875
13 0.1734375 0.4890625 0.07734375 0.23203125
10 0.01640625 0.13515625 0.028125 0.09375
10 0.0875 0.10078125 0.02421875 0.121875
10 0.7859375 0.20546875 0.03125 0.40234375
10 0.89765625 0.2125 0.034375 0.41171875
4 0.45625 0.43984375 0.1 0.1734375
1 0.5453125 0.40859375 0.075 0.15390625
10 0.96953125 0.20234375 0.02265625 0.275
10 0.99375 0.11953125 0.0125 0.2046875
4 0.86640625 0.61640625 0.2671875 0.6109375
11 0.66328125 0.57109375 0.28203125 0.178125