9 0.18515625 0.42734375 0.03671875 0.1421875
9 0.14453125 0.41484375 0.03125 0.14140625
9 0.04453125 0.5796875 0.0890625 0.44140625
7 0.028125 0.40859375 0.0296875 0.05390625
10 0.08046875 0.21484375 0.0328125 0.090625
10 0.14375 0.1859375 0.02109375 0.11796875
10 0.728125 0.20390625 0.02421875 0.3953125
10 0.89375 0.084375 0.04140625 0.0921875
10 0.7609375 0.17578125 0.01875 0.1625
10 0.68203125 0.3546875 0.065625 0.69140625
4 0.5484375 0.4609375 0.23515625 0.2953125
11 0.85859375 0.65859375 0.278125 0.340625
13 0.15 0.76328125 0.29453125 0.46171875
13 0.20546875 0.4671875 0.08515625 0.1328125
4 0.4015625 0.42578125 0.078125 0.11796875
8 0.61015625 0.45546875 0.0515625 0.0359375