9 0.47578125 0.60625 0.3109375 0.7875
7 0.471875 0.3515625 0.08125 0.17421875
9 0.7890625 0.65703125 0.04921875 0.28359375
9 0.309375 0.6828125 0.1453125 0.63125
7 0.3109375 0.42734375 0.0453125 0.0796875
10 0.0203125 0.2796875 0.03984375 0.53515625
10 0.684375 0.38828125 0.025 0.37890625
10 0.25078125 0.40703125 0.01484375 0.2890625
10 0.271875 0.3375 0.01640625 0.21796875
10 0.846875 0.34609375 0.0375 0.40078125
1 0.1640625 0.53125 0.11171875 0.15703125
11 0.1421875 0.796875 0.2703125 0.40625
9 0.8953125 0.56328125 0.03984375 0.125