9 0.20859375 0.51015625 0.0484375 0.22734375
9 0.1453125 0.48515625 0.04921875 0.240625
4 0.7703125 0.56953125 0.421875 0.45859375
8 0.890625 0.56796875 0.075 0.0515625
10 0.85078125 0.1703125 0.0359375 0.33984375
10 0.77734375 0.1921875 0.0375 0.3125
10 0.97265625 0.2421875 0.02421875 0.2421875
10 0.12734375 0.25390625 0.0328125 0.0859375
10 0.19140625 0.23046875 0.01875 0.109375
13 0.17265625 0.8109375 0.3375 0.36875
13 0.24375 0.53671875 0.109375 0.16328125
10 0.01484375 0.13984375 0.02421875 0.2578125