9 0.4640625 0.57890625 0.28984375 0.7953125
7 0.47421875 0.31875 0.08359375 0.17265625
9 0.35625 0.471875 0.0640625 0.1609375
7 0.36171875 0.4265625 0.021875 0.0453125
9 0.77265625 0.6390625 0.04921875 0.27734375
9 0.13359375 0.496875 0.04140625 0.17890625
4 0.28203125 0.49609375 0.06171875 0.10625
10 0.8390625 0.303125 0.05390625 0.359375
10 0.678125 0.3609375 0.0203125 0.403125
10 0.24375 0.37109375 0.01796875 0.284375
9 0.83046875 0.53828125 0.04921875 0.09921875
11 0.1546875 0.77890625 0.3046875 0.42109375
10 0.0109375 0.2140625 0.021875 0.40703125
10 0.340625 0.271875 0.03359375 0.225
10 0.26640625 0.29140625 0.01640625 0.22109375