9 0.46796875 0.61171875 0.3078125 0.7765625
12 0.4609375 0.36953125 0.084375 0.19140625
9 0.621875 0.6484375 0.07421875 0.3546875
5 0.61171875 0.5203125 0.025 0.04296875
9 0.7703125 0.6828125 0.04453125 0.2734375
10 0.01640625 0.34375 0.02578125 0.47578125
1 0.165625 0.54921875 0.11953125 0.14609375
10 0.25390625 0.4359375 0.0171875 0.28125
10 0.3453125 0.37734375 0.01796875 0.30546875
11 0.159375 0.80625 0.30625 0.38515625
10 0.68671875 0.40625 0.02265625 0.3875
10 0.84453125 0.359375 0.04140625 0.3890625