4 0.575 0.46328125 0.25859375 0.31328125
8 0.6359375 0.45625 0.05390625 0.03203125
11 0.8890625 0.68203125 0.221875 0.40390625
10 0.74140625 0.41015625 0.07265625 0.80703125
10 0.09453125 0.19609375 0.0265625 0.078125
10 0.1578125 0.171875 0.0203125 0.096875
10 0.91796875 0.07421875 0.046875 0.06484375
10 0.809375 0.1828125 0.02109375 0.15703125
9 0.0265625 0.60546875 0.05 0.53984375
9 0.19609375 0.4109375 0.03984375 0.1515625
9 0.1484375 0.403125 0.03984375 0.1546875
13 0.153125 0.75625 0.2921875 0.46796875
13 0.22265625 0.45234375 0.07890625 0.125
4 0.4140625 0.41875 0.07578125 0.1234375
10 0.6890625 0.2109375 0.01484375 0.3125