4 0.571875 0.5828125 0.2671875 0.3109375
8 0.6359375 0.5734375 0.059375 0.0375
10 0.728125 0.2921875 0.0390625 0.4421875
10 0.66640625 0.26796875 0.0359375 0.28125
10 0.97734375 0.271875 0.03125 0.346875
10 0.06484375 0.3453125 0.02734375 0.11015625
9 0.16328125 0.5578125 0.04296875 0.1515625
9 0.115625 0.553125 0.03984375 0.16796875
10 0.80234375 0.43203125 0.11640625 0.85
13 0.14375 0.8359375 0.278125 0.30859375
13 0.1953125 0.6046875 0.0828125 0.15390625
10 0.88515625 0.190625 0.053125 0.09609375
10 0.1296875 0.309375 0.0234375 0.10546875
4 0.39765625 0.54921875 0.07265625 0.12265625