4 0.60078125 0.81953125 0.3234375 0.3609375
4 0.83828125 0.76640625 0.190625 0.190625
4 0.39609375 0.75234375 0.071875 0.1328125
10 0.7375 0.49609375 0.0359375 0.41171875
10 0.67265625 0.490625 0.03125 0.2796875
10 0.89296875 0.40625 0.05390625 0.07421875
10 0.05859375 0.5125 0.03125 0.08203125
10 0.1265625 0.484375 0.01875 0.10546875
8 0.68359375 0.828125 0.0625 0.03828125
13 0.1203125 0.91953125 0.240625 0.1609375
13 0.1859375 0.77265625 0.0671875 0.128125
9 0.08203125 0.7453125 0.04609375 0.18046875
9 0.134375 0.75625 0.046875 0.19140625